1;SuperChange;;0;42372
10;My-Xchange;878525859540;953;87651
29;N-Change;;0;1471820
48;Exwp;800811812711;1724;126296
51;ExchangeX;687408836403;1865;328717
52;NetExchange;;0;764400
56;M-Obmen;963130820766;2982;53359
63;WMCasher;106880779815;3236;69833
67;СуперОбменка;249714880659;4347;183861
72;ОбменникРу;113848432416;3013;22596
382;Bit-Changer;;0;10618
443;ОбменОМ;;0;525377
79;E-Obmen;;0;1054948
80;Vmex;060994506852;1513;343401
83;Обменник.ws;249714880659;4347;13107
86;Obmening;142747776155;0;484414
90;Ex-Money;;0;113360071
104;Owm24;413356353466;174;1254
107;WM-Sha;881627402476;1622;5187
120;MagneticExchange;;0;248432
128;XMLGold;;0;1357339
142;WmPayCash;256939015533;2152;50025
152;Vilcov;;0;323595
154;eCashMe;878525859540;953;93276
155;Z-Obmen;;0;58041
157;WmBox;329025066047;2164;30401
161;Обменник.ua;963130820766;2982;60442
170;XMoney;;0;13199862
177;Alfacash;;0;518100
184;Xchange;;0;91573420
201;NixExchange;;0;723936
204;ChangeAM;384322030386;809;55176
208;Обмен.cc;;0;10952
212;P2PChange;;0;1682444
218;A-Exchange;;0;118189
990;Todex;159596520613;268;9809338
220;WMGlobus;;0;62088815
223;МультиВал;;0;135812
227;MoneyChange;;0;0
238;E-Money;;0;48669124
239;E-Scrooge;;0;27908387
241;SimpleChange;174948279972;1410;11884
643;Bchange;;0;889522
252;VIPchanger;397640011232;2024;1185921
730;WmMoney;445709135419;1362;3501
255;BazarMoney;250647852481;1050;7707
257;PM2WM;;0;100000
259;BTC2Cashin;;0;118017
268;Rapid-Obmen;;0;0
269;Paspar;;0;6798
271;GoldObmen;;0;31722
272;WMCentre;;0;288637
273;ArmChange;;0;42815
274;MultiChange;;0;82699960
276;BTC2PM;;0;69505
277;BTC2WM;;0;100000
279;MChange;;0;185900563
281;Trust-Exchange;;0;10423857
295;MisterExchange;;0;28225
297;Меняйко;192211650456;1605;17989
299;ObmenCash;;0;7077
306;Спасибо;632584157120;1883;210354
311;Cryptex24;;0;652828
320;100Монет;;0;6873287
324;Qipri;;0;2158714
326;Матби;;0;474865
327;24Обмен;;0;5212
329;TytCoin;;0;256401
337;1WM;;0;376440
341;WMStream;185657319746;1691;29325837
346;UltraChange;;0;584711
362;D-Obmen;;0;294325
364;N-Obmen;;0;18073
366;WmCurrency;;0;4046
370;Obmenneg;426424364533;0;16755
372;HotExchange;;0;1423739
374;Echange;401537073488;1033;41454
375;CashTransfers;123974018633;93;7513302
377;ExBox;;0;3438182
380;FavoriteExchanger;266156638013;1088;628366
385;ChangeMoney24;;0;15656930
387;365Cash;;0;375598
613;JoJoCash;;0;166545
395;InternetMoney;;0;31823
397;AllCash;;0;12079158
399;CleanBTC;491088628726;26;13305415
402;Trust-Changer;;0;0
405;OpenChange;;0;8954559
409;5Минут;157677488095;365;4704
411;BTCBank;;0;152020
412;WW-Pay;;0;0
417;24PayBank;;0;203979254
421;Receive-Money;;0;5330652
430;CoinTransfer;;0;21841809
433;Smart-Pays;;0;2142726
436;RealExchange;271040623560;810;0
921;Сатоши;;0;4025981
437;RuChange;;0;23664
438;WestChange;;0;957381
439;Makoli;;0;24056
441;PMCash;;0;26933
444;Конверт;;0;0
696;Exipon;556315249748;128;59287
445;24Online;;0;9606655
454;ByWare;;0;121341397
456;SafePay;196907527892;1361;67101
455;FehuPay;;0;259474
830;EliteObmen;;0;8854987
460;Lionex;;0;59673
466;BtcChange24;;0;444526
464;MegaChange;380536951311;1188;18603
467;GoodObmen;;0;30385
468;Magnatus;;0;680998
469;MasterChange;238890286272;2011;24817435
471;ChBy;;0;104587577
472;Changer4u;;0;957957
473;ImExchanger;;0;6189457
474;SuperChangeNet;;0;67199
475;ObmenPP;;0;720872
478;Coinex24;;0;70586
489;ZB;;0;0
488;FastChange;;0;14880487
490;O-Paxum;;0;127239
498;Kraken;;0;0
499;Huobi;;0;0
502;OkCoin;;0;0
500;BitStamp;;0;0
504;OKEx;;0;0
497;Cexio;;0;0
496;Bitfinex;;0;0
492;Poloniex;;0;0
797;Excoin;;0;482162
501;Currency;;0;0
503;HitBTC;;0;0
505;CryptoMate;;0;0
508;Gemini;;0;0
507;Bitkonan;;0;0
510;Binance;;0;0
509;TheRockTrading;;0;0
511;Bittrex;;0;0
512;CoinBase;;0;0
513;BitBay;;0;0
515;YoBit;;0;0
517;BaksMan;;0;207651495
521;Шахта;;0;5865512
522;Касса;;0;102745
519;BitExchanger;;0;67203777
526;FastExchange;;0;434050
528;WmExpress;;0;73627
531;FastWM;176080725420;848;23825
532;QuickChange;;0;395557
536;WuBill;;0;16688518
535;BitPayes;;0;0
537;100BtcKiev;;0;212814
539;NewLine;;0;1208525506
544;Банкомат;;0;182522849
743;Treddr;894221020033;26;799752
546;NetEx24;;0;1430015
550;PayBis;;0;1384023
551;RocketChange;697747012700;1729;238834
555;Cashex;;0;55802859
556;ObmennCom;;0;28657
558;1Exchanger;;0;9482
559;MinedTrade;;0;4990440
561;BetaTransfer;;0;49516
562;Z-Exchange;;0;3024
565;Transfer24;;0;229223
567;Coin-Bank;;0;16930
573;Биткоин24;;0;38262
575;Your-Coins;;0;13488
577;Bit-Обменка;;0;12808444
580;4ange;;0;38648650
581;8Pay;437302142553;1091;1991904
582;Обмен24;929821584599;1806;35761
584;F-Change;;0;290958
585;ObmenoFF;;0;461222
586;КэшБанк;;0;26785306
587;Payforia;;0;1289239
589;ObmenTech;421609434468;1491;0
588;7Money;;0;952390
590;ExMoney;;0;21185
599;iChanger;360880458968;1059;155391
604;BestObmen;;0;4037
608;GeeExchange;;0;27063442
606;CryptoMoney;;0;126534340
605;Buy-Bitcoins;;0;27350301
607;60сек;;0;94732894
609;ObmenMoney;279259009479;763;0
611;ChangerClub;;0;68063
612;Changelly;;0;6041114
614;El-Change;;0;455723
615;Pocket-Exchange;;0;36266
619;LeoExchanger;;0;257107
620;4Exchange;;0;54126
621;Pay-Today;;0;5336767
618;24BestEx;;0;14236162
624;VV-Obmen;;0;28405
622;ProstoCash;;0;570738035
625;PayGet;;0;14811356
629;MonEx;189133223119;2600;1978424
626;Best-Obmen;;0;554957030
636;WorldChange;;0;119584
664;BitHunter;;0;73763
645;BtcBit;;0;10546328
681;CryptoHome;;0;17827184
635;Staff-Obmen;;0;2603
633;YChanger;;0;329458266
733;Bonanza-Obmen;;0;11839
736;Обменник-UZ;;0;12886
637;EuroBitcoins;;0;7788298
634;BestCoin;;0;219597
668;MyCryptoMarket;;0;2321524
650;Real-Bit;;0;0
638;Bitcoin24SU;;0;678911
642;BuyBit;;0;0
678;Ym-Change;;0;4303
666;1Обмен;;0;46335399
656;DBChange;;0;9012230
655;BitStore;;0;317674
709;Nexchange;;0;0
659;1-Online;;0;319173742
665;Perfect-Change;;0;8638
670;FastEx;;0;13430505
652;LasloBit;;0;343008
731;BigBank;;0;739358
689;TransCoin;;0;5428947
651;Монетка;702499140547;825;37113
657;Easy-Changer;;0;8947667
661;Ферма;;0;15851392
677;Bitcoin24Exchange;;0;1678111
654;Ru-Bas;;0;81541
738;HASchange;;0;302022
702;Papa-Change;;0;437347
660;FlyChange;290933993890;2633;502336
693;CryptoBroker;;0;18194241
714;Top-Exchange;;0;419670
715;Coins-Trade;;0;969476
676;Иеремия76;;0;109056
658;BtcTenge;;0;13143163
762;TetChange;087085525470;535;2063095
695;BTC-Обменник;;0;463406
706;HoBit;;0;986447
705;Cryptonex;;0;54409
713;CashOut;;0;227500
697;ChangeTime;828193256536;522;3273
687;WikiPays;;0;576480
746;V-Obmen24;;0;238027
701;WMCash;236702904683;1155;203104
749;BitOkk;;0;41311293
690;Fair-Exchange;413428403759;86;0
685;BitCash;;0;463359
684;100Bitcoins;;0;10000
723;BitObmen;;0;67852
718;Platov;;0;4908349
704;Change-X;;0;18466178
692;C1kWorld;;0;18670093
688;ExchangeExpress;279259009479;763;0
710;Bittrend;;0;57357
712;Criptify;;0;11347
755;Big-Changer;;0;30950
699;BitPro;;0;7411835
703;Obmen4you;320026778932;1238;16825
716;Биток777;;0;0
711;HelpChange;;0;0
751;ObmenExpert;;0;0
782;Tec-Bit;;0;14444
750;CashAdmin;;0;79223
763;PushPayer;753021635396;3;87363
758;CryptoBox;;0;12009441
741;BTCe-Obmen;;0;20408
737;BonkyPay;232342940453;42;2517127
761;FlashObmen;;0;386732
745;CryptoChange24;;0;59118
754;ObmenIM;;0;0
757;ChangeNow;;0;150778475
783;ОбменДенег;;0;19812
770;BTC24pro;;0;0
779;MoneyMix;;0;65565
765;Bit-Exchange;;0;3220817
785;PayMarket;;0;33283
775;AllWMCash;;0;2
804;PayBTC;;0;3113396
780;Bitcoin24Pro;;0;87161337
774;ОбменМонет;;0;9019390
766;UniCash;;0;87727612
764;NiceChange;;0;141190277
792;SberBit;;0;674587
799;Криптообменник;;0;0
787;PrivatCash;;0;854259
805;BTCstaff;;0;3841
801;Coin-Future;;0;18954
793;IceBTC;;0;7985015
798;Quickex;;0;51270649
807;CryptoBar;;0;0
808;ChangeCoins;;0;98951
814;BitBits;;0;270346
835;7Pay;709807738416;1134;189666
827;Crypster;;0;8641677
818;R-Obmen;;0;0
812;Ex-Bank;;0;399088
823;Обменочка;;0;15590
819;Flash-Cache;;0;0
809;XbitMoney;155289860990;1232;321819
825;MyChanger;;0;618254
816;WM007;;0;33060
840;YoChange;;0;258939897
841;MegaChangeMe;432189717906;0;3463
838;AlfaExchange;;0;5965791
839;MyInvestStory;;0;1921
821;ExchangeTeam;;0;3908447
815;Belqi;;0;0
856;Fenix-Pay;;0;4482
850;Keine-Exchange;;0;1258976
846;ExchangeYourMoney;;0;133284
847;BitPride-Exchange;;0;0
848;SwapCoin;;0;16700486
852;RamonCash;;0;6142010
844;Капуста;181897906569;412;12080
857;Paytiz;227421344645;231;3194353
855;CoinStart;;0;1564126
858;FixedFloat;;0;1227070
862;WMZ;218621457637;0;80700
861;Fex24;;0;375586
865;Bixter;;0;9781607
869;ExpoChange;412963033166;0;42317909
866;Delets;;0;5877993
872;WM-Obmen;362955051206;1585;110744
871;BitokBy;;0;37231888
895;CryptoBarMen;;0;330994
867;Сумма;;0;813416
870;Alfa-Trades;;0;0
886;ObmenCrypto;;0;153333489
882;BuyBank;;0;2019155
881;AllTrustMe;;0;7882915
877;Об-мен;963523258975;113;402178
883;101Crypta;;0;5332256
884;Cryptex;;0;717221
905;TraiderIdeal;;0;26637
902;BTC-Волга;;0;3154829
885;JPMarket;;0;2611
897;AnonEx;;0;223627
888;GramBit;;0;5091809
894;КупиБит;;0;2154610
887;KZObmen;;0;230461
898;Вобменка;;0;523545
906;CryptoHonest;;0;0
901;WMStar;310224582545;6;253867
899;CoinShop24;;0;268264706
900;Obmen-Box;;0;23599
896;CoinChanger;;0;116204
910;WMT;797230232341;235;17131
909;CrypTorg;;0;202121
914;Ex-code;;0;0
989;CoinsBlack;890273718097;0;350955
913;Quantex;;0;3630335
917;Micro-exchange;;0;12587447
916;Cryptos;;0;372400
925;Sunduk;;0;160606
918;КриптоРай;;0;0
939;EuroBit;;0;14168801
935;Wiki-Exchange;;0;9854713
920;VIP-Obmen;552557541159;519;2808837
922;PayWallet;;0;204328
923;HD-Change;;0;33752
943;TopCash;;0;318061
928;CriptoMoney24;;0;2035411
927;Msk-Exchange;;0;541890047
933;TytCash;;0;165212
929;RoyalCash;;0;351869133
930;Crypto-Store;;0;96616
942;ExHub;;0;825759
944;EExchanger;330964771407;196;639558
947;Dynasty-Pay;;0;305720
949;Coco-Pay;;0;4879030
948;AbcObmen;;0;117862635
951;PrideChange;;0;33520501
950;UAchanger;;0;10294
952;ExLine;;0;29855
957;24ObmenCom;;0;3065242
954;EggChange;;0;207164158
961;MyBTC;;0;42771071
960;Crybex;;0;2740693
959;ExchangeKey;;0;91489867
953;Livex;;0;5372
956;Обменко;;0;2587999
958;24Zone;;0;47101756
962;StyleBTC;;0;92009
963;Global-Ex;;0;19012
955;AlfaBit;;0;73383825
966;BlaBlaChange;;0;8166114
964;ExBase;;0;311955
965;Crypto-Express;;0;10852
967;КриптоОбмен;;0;40806
971;CryptoSell;;0;4074
997;CoinJoin;;0;7485742
985;Tuco;;0;3858117
983;Bitality;;0;50691062
991;BtcLider;;0;520079825
968;CryptoMax;;0;46762731
973;Number1;;0;71541
996;OlbionEx;;0;0
977;CityBit;;0;270268
984;Cash-Bit;;0;1479129
969;4Money;;0;51007540
994;TipTopObmen;;0;3146256
976;ChangeProject;;0;198880101
988;BitHub;;0;151312
992;OneMoment;;0;651398
993;Exchange-Go;825930136356;252;0
978;ElValuta;591511373140;600;60737
982;WxMoney;;0;92
974;BestKurs24;;0;0
980;GrandChange;;0;100334321
975;PremierCash;;0;386734
986;PayFull;;0;189672